4 0.00 0.147 8
4 0.00 0.147 24
4 0.00 0.147 70
4 0.00 0.147 300
4 0.00 0.384 8
4 0.00 0.384 24
4 0.00 0.384 70
4 0.00 0.384 300
4 0.00 0.669 8
4 0.00 0.669 24
4 0.00 0.669 70
4 0.00 0.669 300
4 0.05 0.147 8
4 0.05 0.147 24
4 0.05 0.147 70
4 0.05 0.147 300
4 0.05 0.384 8
4 0.05 0.384 24
4 0.05 0.384 70
4 0.05 0.384 300
4 0.05 0.669 8
4 0.05 0.669 24
4 0.05 0.669 70
4 0.05 0.669 300
4 0.50 0.147 8
4 0.50 0.147 24
4 0.50 0.147 70
4 0.50 0.147 300
4 0.50 0.384 8
4 0.50 0.384 24
4 0.50 0.384 70
4 0.50 0.384 300
4 0.50 0.669 8
4 0.50 0.669 24
4 0.50 0.669 70
4 0.50 0.669 300
4 1.00 0.147 8
4 1.00 0.147 24
4 1.00 0.147 70
4 1.00 0.147 300
4 1.00 0.384 8
4 1.00 0.384 24
4 1.00 0.384 70
4 1.00 0.384 300
4 1.00 0.669 8
4 1.00 0.669 24
4 1.00 0.669 70
4 1.00 0.669 300
